('Solution Vector is: ', array([-0.29114657, -0.55457387, -0.46309353,  0.235883  , -0.13689718,
        0.77029668, -1.27797044,  0.09109565,  0.61162284, -0.54240542,
        1.12141377, -0.30063106,  0.0738625 , -0.67061224, -0.2395388 ,
       -0.44172182, -0.50735592,  0.52327294, -0.15591253, -0.44337726,
        1.45513463,  1.23217635, -0.57489889,  0.15031615,  0.2987068 ,
       -0.06539159,  0.41042972, -0.00243689,  0.08405477, -0.0137675 ,
       -0.97367939,  0.39910209, -0.43708314, -0.17373296,  0.09239313,
       -0.24472936, -0.05926288,  0.06453687, -0.62715016,  1.68045023,
       -0.16550059,  0.33437549, -0.04236341,  0.95141672, -0.80344071,
       -0.2220975 , -0.39688216,  0.99119387, -0.69677175, -0.61425198,
        0.5659251 ,  0.86694916, -0.03424506, -0.24858595, -0.42063089,
        1.30870424, -0.38775372, -0.1690969 ,  0.26338788, -0.33263834,
        1.2081177 ,  0.45822809,  0.36321651,  0.44183079, -0.15796095,
        0.36352941,  0.58369596, -0.68128961, -0.01725728, -0.0829755 ,
        1.02541473, -0.39347875,  0.20621109,  0.20748905,  0.40169085,
       -1.03440804, -0.85263038, -0.52523813,  1.0437053 , -0.10839266,
       -0.35872301,  0.07241737,  0.07213787, -0.36546036, -0.13575765,
       -0.32820603, -0.17337116,  0.71377907,  0.47281252, -0.55038201,
       -0.71326799,  0.05846702, -1.39375382,  0.31119722, -0.67682162,
       -0.61993649, -0.15504428,  1.12629486,  0.07962567, -0.27640819]))
('Residual Norm error is: ', array([  2.51306046e-14]))
('Time for solution is ', 0.16992500000000002, 's')