('Solution Vector is: ', array([  4.98607243e-01,  -6.00236924e-01,  -7.26015164e-01,
         2.67283176e+00,   2.12632689e+00,   1.80124353e+00,
        -1.76449370e+00,   1.15345997e+00,   1.72248514e+00,
         2.27702068e+00,   5.94827359e-01,  -4.37899902e-02,
         6.30385258e-02,  -2.30775216e+00,  -4.26733819e+00,
        -7.09630959e-01,  -3.48521150e-01,   2.36468419e+00,
        -1.79536980e-01,   1.76155444e+00,  -1.44318597e+00,
        -3.31943042e-02,   2.48586664e-01,   8.53731094e-02,
         2.24641365e+00,   2.25435417e+00,  -2.76264635e+00,
         1.89849476e+00,   6.74054462e-01,  -9.82199162e-01,
        -3.84853862e+00,   2.29487889e+00,  -1.20556244e+00,
        -8.08562761e-01,  -7.37114929e-01,  -5.83071379e-01,
         2.63009079e-01,   3.13583128e-01,  -7.95362091e-01,
        -1.16290373e+00,  -2.34556939e+00,   1.90255312e+00,
         7.74968117e-01,   4.64812596e+00,  -3.78327483e+00,
        -2.48263360e+00,   2.13504242e+00,  -3.06333039e+00,
         9.23617718e-01,  -9.85162160e-01,   9.94033202e-01,
        -1.06092146e+00,  -1.32964928e+00,  -5.81513188e+00,
         2.36964912e+00,  -2.35559204e+00,  -1.12474176e-01,
        -1.45054928e+00,  -1.71721459e-02,  -7.16075979e-01,
        -1.06959458e+00,   3.17007043e-01,  -1.79317303e+00,
        -1.88872782e+00,  -1.97292203e+00,  -4.54898642e+00,
        -3.07993744e-02,  -8.23722289e-01,  -6.30884609e-01,
         3.13174602e-01,  -4.53465181e-01,  -9.64163784e-01,
         2.53589566e+00,   3.78947183e+00,  -1.35178387e-01,
         8.08523480e-01,  -6.28668130e-01,   2.37630041e+00,
        -2.97071791e-01,   2.49801180e-01,   8.84046393e-01,
        -1.10986266e+00,  -4.78600726e-01,   1.28615314e+00,
        -1.87209708e+00,  -1.03947352e+00,   1.19831697e+00,
         2.46060394e+00,   3.77727893e+00,   1.96242011e+00,
        -1.64275654e+00,  -6.46981700e-02,   3.72701659e-01,
        -4.14293500e-01,  -2.28989643e+00,  -2.37530380e+00,
        -2.20887903e+00,  -2.23384758e+00,   1.26264972e+00,
         9.58110167e-01,  -1.87263932e+00,  -1.30723403e+00,
         7.24529940e-01,  -1.72453851e+00,  -1.49586958e-01,
         4.08837818e+00,  -2.91220448e+00,   1.76071094e+00,
        -1.28314799e+00,   1.09817878e-01,  -8.31211283e-01,
         1.36645179e+00,  -7.66555030e-02,   1.39822047e-02,
         1.30504473e+00,   1.31246490e-01,   4.24708864e+00,
         2.54407392e+00,  -1.85096164e+00,   8.90064981e-01,
         1.39118655e+00,   5.00826977e-01,  -4.57125656e+00,
         2.73203322e-01,  -1.54299757e+00,  -1.01882270e+00,
         1.08875211e+00,   3.17838824e+00,  -4.19855746e-01,
         2.26633509e+00,   2.80618543e-03,   1.45630800e-01,
        -1.85940463e+00,  -6.31304616e-01,   3.64381073e+00,
         3.93311253e-01,  -2.17156517e+00,   6.12553056e-02,
         4.58734189e-01,  -1.94042875e+00,   3.21687059e+00,
         4.18240978e+00,  -1.92126478e+00,   2.86450642e-01,
         2.43747826e-01,   1.02367457e+00,  -6.68898146e-01,
        -2.17859995e+00,   3.56186165e-01,  -1.46128545e-01,
        -2.96741805e+00,  -8.97512711e-01,  -3.68149273e+00,
        -1.51104928e+00,  -2.54930198e+00,   2.20322789e-01,
         2.46337041e+00,   2.51125409e+00,  -6.31545909e-01,
         2.72376428e+00,   3.59049604e-03,   3.25998589e+00,
        -1.02300317e+00,  -1.36524748e+00,  -1.19385453e+00,
         2.22038105e+00,  -6.70386828e-01,   1.59916523e+00,
        -9.10399128e-01,  -2.19175084e+00,  -3.07800251e+00,
        -3.90661742e-01,   3.15392532e+00,   2.36313414e+00,
         1.89525941e+00,   1.69543052e+00,  -1.76085604e+00,
         2.58717295e+00,  -1.83960805e+00,  -5.60541768e-01,
        -2.60216257e+00,  -2.25966698e+00,   5.15270506e-01,
        -1.96427374e-01,  -3.04894120e+00,   1.25871851e+00,
         2.22139655e+00,  -1.81285906e+00,   3.83338046e+00,
        -5.53947573e-01,   4.70043794e+00,   3.25993806e-02,
         2.65425240e+00,  -1.40234861e+00,  -3.96279840e-01,
         3.51441109e-01,  -2.27660514e+00,   2.46992021e+00,
         5.34122157e+00,   1.10033218e+00,   1.31487735e+00,
         2.08852016e+00,   1.42944971e+00,  -6.17792643e-01,
        -3.12870774e-02,   5.94242281e+00,   1.42154897e+00,
        -1.73824262e+00,   3.75956309e-01,   1.30955290e+00,
        -8.26552016e-01,  -5.59058199e-01,   2.62082927e+00,
        -4.58845897e-01,   1.14000602e+00,   1.28775446e+00,
         2.54041515e+00,  -8.85706893e-03,   8.00421738e-01,
        -2.69653829e+00,   1.09617421e+00,  -3.43659612e+00,
         1.82647203e-01,  -7.90261727e-01,   2.22402634e+00,
        -7.65918504e-01,   1.93859195e+00,  -1.30171265e+00,
        -1.39747780e+00,  -1.37003349e+00,   2.71421912e+00,
        -4.13576796e+00,   1.77655149e+00,  -2.65938207e+00,
         5.94799427e-01,   6.28195464e-01,   3.32903635e+00,
         5.80540591e-01,  -1.96038096e+00,  -2.08374817e+00,
         4.52612114e-01,  -3.81963923e+00,   7.93778763e-01,
        -2.62267282e+00,  -1.76954702e+00,   5.22395115e-01,
        -9.03541894e-01,   1.01595036e+00,   9.92010248e-01,
         6.13102924e-01,  -4.07384435e-01,  -5.01598564e+00,
        -5.46259401e-01,   1.87086955e+00,  -2.59961931e+00,
        -4.62366929e-01,  -1.43359328e+00,   1.26025576e+00,
        -1.81347857e+00,   3.84942701e-01,  -3.22890972e+00,
        -2.17981524e+00,   1.89761533e+00,  -3.19886313e-01,
        -3.71047311e+00,  -2.75645576e+00,  -1.29932182e+00,
         4.83759415e+00,  -2.42075461e+00,  -5.24419563e-01,
        -1.87420022e+00,   8.53391804e-01,   4.78491448e+00,
         4.43777611e-01,   2.27171054e+00,   7.56228727e-01,
         1.49703616e+00,  -3.27635327e-01,  -5.89873616e-01,
        -1.13239760e+00,   1.82224356e+00,   1.20960469e+00,
        -2.55532138e+00,  -1.79426271e+00,   1.85695427e+00,
        -6.82787048e-01,   1.16155590e+00,   1.73588092e+00,
        -1.27940957e+00,   3.69089555e+00,   1.30549491e-01,
         4.46078103e-01,  -1.03296661e+00,   1.31521694e+00,
        -2.67712202e-01,  -2.74599539e+00,  -1.21212708e+00,
        -3.21650709e+00,  -7.93527279e-01,  -1.96739113e+00,
        -8.99167389e-01,  -1.59648130e-01,  -1.64995480e-01,
        -1.50683921e+00,  -1.12179021e+00,  -1.42370983e+00,
        -4.40764179e+00,   1.56906182e+00,   6.87119588e-01,
        -1.66848653e+00,  -1.08199984e+00,  -7.19892756e-01,
         2.49081354e+00,  -2.73120879e+00,  -8.22681224e-01,
        -2.27687916e+00,   1.53877733e-01,  -1.78323632e-02,
         2.41015112e-01,  -3.24175057e+00,  -2.62623272e+00,
         5.14221480e-01,  -2.02573184e+00,   1.63302820e+00,
         3.27092229e+00,   3.07054875e-01,   8.61801264e-01,
         1.11322121e+00,  -1.15815372e-01,   1.22071999e+00,
         4.23216450e-01,   1.89254169e+00,   3.88123300e+00,
         2.47643435e+00,  -9.59165405e-01,   1.64966850e+00,
         2.40477353e+00,  -5.44841580e+00,   5.07105454e+00,
        -2.14834703e+00,   3.80575067e+00,  -2.51559313e+00,
         6.75230164e-01,   1.48906078e+00,  -1.52046471e+00,
        -1.03597739e+00,   4.30440225e-01,  -1.28899677e+00,
         4.16135860e+00,   4.29690327e+00,  -4.11824327e-01,
         8.33861131e-01,  -1.24893201e+00,  -2.94195294e-01,
         1.30900583e+00,  -1.36799810e+00,   7.13892811e-01,
         1.46232023e+00,   1.36417801e+00,   6.03540977e-01,
        -4.42345447e+00,  -3.91745483e+00,  -1.60377862e+00,
         7.78853565e-01,  -2.20401522e+00,  -1.87135992e-01,
         5.61329202e-02,   4.44528940e-02,  -1.93054836e+00,
         2.89634039e-02,   7.35216045e-01,  -1.80379456e+00,
         3.82059137e+00,   2.07896553e+00,  -3.09500455e+00,
        -1.82465510e+00,  -9.37667390e-01,   2.97118931e-01,
         1.28493411e+00,   1.28995658e+00,  -1.77731824e+00,
         9.87539594e-01,  -3.72051050e+00,  -3.63280672e+00,
        -2.92182702e+00,   1.58364816e+00,  -2.69583065e+00,
         4.62641510e-02,   1.29524234e-01,  -2.61844576e+00,
        -3.25674515e+00,  -4.19375241e-01,  -1.89053147e+00,
         6.92759465e-01,  -3.47946167e+00,  -7.08700048e-01,
         2.11353723e+00,  -4.93864161e-01,  -1.42026999e+00,
        -1.78129012e+00,   6.37816566e-03,   1.40923310e+00,
         6.11372197e-02,  -1.02121078e+00,   2.28386266e+00,
         4.92261152e+00,  -6.10429382e-03,  -5.01645996e-02,
        -1.71069267e+00,   6.47017578e-01,  -1.28283035e+00,
         1.15782017e+00,  -1.42421425e+00,  -1.40871989e-01,
        -2.76234283e+00,   7.25040510e-01,   7.34971140e-02,
        -1.16185889e-01,   1.21784238e+00,  -1.45848319e+00,
        -1.59591476e+00,   9.11007913e-01,   1.29554882e+00,
         1.53406221e+00,  -4.44634320e+00,  -1.19922290e+00,
         2.07781748e+00,   1.48236932e-02,   1.11986996e+00,
         1.55033167e-02,   1.31300962e+00,   3.57477451e+00,
        -1.96650566e+00,   1.28750205e+00,   2.33256132e+00,
         2.03878606e+00,  -2.03067835e-02,   4.08865206e-01,
         7.67342923e-01,   3.84102563e+00,   3.42485498e+00,
        -1.99528768e-01,  -1.47254056e+00,   1.02236107e+00,
        -3.25085593e-01,  -2.04808577e+00,  -1.16686211e+00,
        -2.15913991e+00,   2.12456532e+00,   1.73655103e+00,
        -1.27359018e-01,   2.58852412e+00,   1.48604196e+00,
        -1.24794060e+00,   4.36465716e-01,   3.97226342e+00,
        -4.34101577e-01,   1.94897277e+00,  -2.50933544e+00,
         4.32751089e+00,  -8.74794770e-01,   8.52168481e-01,
        -6.02240275e-01,  -4.25302806e-01,   1.17868609e+00,
        -7.99830414e+00,   5.28717439e-01,  -1.19527306e+00,
        -2.58067794e+00,   1.42349963e+00,   5.10314534e-01,
        -9.24044703e-01,   3.53719091e-01,  -5.68739741e-01,
         8.29865371e-01,   1.56842893e+00,   1.40911027e+00,
        -1.95831309e-01,  -3.86293111e+00,   3.20532415e+00,
         1.24291302e+00,  -3.15304396e+00,   2.07448634e+00,
         1.64000998e+00,   2.71495210e+00,  -2.30294630e+00,
         1.78162613e+00,  -3.19872673e+00,  -9.90052119e-01,
         2.76487553e+00,  -2.34214056e-01,  -3.73210884e+00,
        -3.38734662e-01,   3.16470382e-01,   1.40483073e+00,
         1.47724858e+00,   3.26028402e+00,   2.65084821e+00,
         1.10498015e+00,   1.55365338e+00,  -1.45306449e+00,
         1.30999505e-01,   1.57185189e+00,  -4.51061519e+00,
        -2.42111550e+00,   6.37398089e-01,   3.57997425e+00,
         3.02828192e-01,  -1.47378715e+00,   1.38604439e+00,
         1.52446055e+00,  -4.37186314e+00,  -5.18495281e-01,
        -1.64374443e+00,   2.10603131e-01,   1.84592306e+00,
         3.09199010e+00,   1.78003771e+00,   1.09616290e+00,
        -4.38294021e-01,  -5.71103692e-02,   6.09911111e-01,
         4.76199625e+00,   1.99687893e+00,   1.97599409e-01,
        -1.58331661e+00,  -1.34720398e+00,   2.79311432e+00,
        -5.33603044e-01,  -1.24552857e+00,  -5.89512529e+00,
         7.73468720e-01,   8.11079653e-01,  -2.30893358e-01,
         3.76586416e+00,   2.59991716e+00,  -2.59746403e-01,
        -1.29222301e-01,  -1.88447520e+00,  -4.72926536e-01,
         1.03774993e+00,  -3.11602649e+00,  -1.07135387e+00,
         1.48392237e+00,   1.89129378e+00,   3.56542535e+00,
         1.61143342e+00,   2.51233530e+00,   4.76068134e-01,
        -6.35243296e-01,  -2.22445480e+00,  -4.20241837e-01,
         2.23470348e-01,   3.70076175e+00,  -1.59017593e+00,
         1.31276659e+00,   5.71227603e-01,  -2.68001547e-01,
        -4.66221202e+00,  -3.02884606e+00,   7.11567817e-01,
         2.87618886e+00,   3.77905631e+00,  -1.96208539e+00,
         1.02758739e+00,  -1.95274478e+00,   1.31607248e+00,
        -2.71335408e-01,  -5.63664645e+00,   4.16273219e+00,
        -1.36493085e+00,  -1.88814938e+00,   6.17151060e-01,
         1.70583468e+00,  -1.65916530e+00,  -1.42488787e+00,
         1.96615593e-01,   5.03682603e-01,   3.09202159e+00,
         2.74060848e+00,   2.58820009e+00,   5.64342137e-01,
        -3.01363388e+00,   5.47281501e+00,   3.76076727e+00,
        -8.83438957e-02,   2.55349819e+00,  -4.09399528e-01,
         1.69809102e+00,  -1.17741232e+00,  -7.52396312e-01,
         1.29912379e+00,  -1.96132316e+00,   8.25375235e-01,
        -8.35506218e-01,   1.48611031e+00,  -6.28221822e-01,
         1.47812519e+00,   2.53959379e+00,  -1.15475874e+00,
         2.41200209e-01,   7.58246931e-01,   3.72339325e+00,
        -1.29711710e+00,   2.86545578e+00,   2.61334609e-01,
        -2.12234489e+00,   5.87934137e+00,   4.06307283e-01,
        -2.58901035e+00,   2.61424029e+00,   3.81146905e+00,
         2.02146283e+00,   1.05323286e+00,  -2.26483248e+00,
         2.00982372e+00,  -1.72741410e+00,   1.79955500e-01,
         4.53602851e-01,   7.47624889e-01,  -4.95516219e+00,
        -2.09098047e+00,   1.94201831e+00,  -2.32637013e+00,
         5.29312406e-01,  -4.78734328e+00,  -1.71708538e+00,
         1.84021243e+00,  -1.21602799e+00,  -5.37795653e+00,
        -1.50463639e-01,   9.15942626e-01,  -4.03174936e+00,
         2.15508871e+00,   1.75044577e+00,  -2.05199592e+00,
        -3.15718865e-01,   2.09550144e+00,   4.64046032e-01,
         1.08507596e+00,  -4.62729399e+00,  -1.44815910e+00,
        -3.88295469e-01,  -3.41573345e+00,   2.76251125e+00,
         8.14103604e-01,   1.41061045e-01,   1.35346904e+00,
         3.02919380e-01,   3.32535821e+00,  -1.49299014e+00,
         1.20968326e-01,  -3.08667338e+00,  -2.42261011e+00,
         1.07852422e-01,  -3.40545426e+00,  -2.67055248e+00,
        -2.65137650e+00,  -5.21864960e-01,   1.70102279e+00,
         4.15309041e+00,  -1.61685922e+00,   5.53504727e+00,
         5.80344053e-01,   2.33661689e-02,  -2.67647063e+00,
         2.84124114e-01,   1.23811340e+00,   9.10628459e-01,
         1.18169615e+00,   2.07390329e+00,  -5.16658350e+00,
        -1.28898088e+00,  -2.34759808e+00,   2.96605353e+00,
         3.01980877e+00,  -5.47504238e+00,   8.60771141e-02,
        -3.16427078e+00,   3.17578246e-01,   1.50788825e+00,
        -1.74882526e+00,  -1.89747001e+00,  -1.25406883e+00,
         6.60748250e+00,  -2.32667930e-01,  -9.65624938e-01,
         2.44460073e+00,   1.84072739e+00,   1.75700349e+00,
        -3.48679992e+00,   2.71271449e+00,  -1.71508449e+00,
         2.62248251e-01,  -2.12978484e+00,  -1.06611814e+00,
         3.40677152e-01,  -3.48899943e+00,   5.54967239e-01,
        -8.93208678e-01,  -1.78654586e+00,   1.96471591e+00,
        -6.25839833e-01,   3.26454785e-01,   1.31919259e+00,
         4.86533817e-01,   3.15662029e+00,  -2.65916459e+00,
        -3.92454751e-01,  -4.26129952e-01,   1.07335800e+00,
         1.93980146e+00,   2.92265963e+00,  -2.44732534e+00,
        -6.15603076e-01,  -3.03679116e+00,   3.44460729e+00,
        -8.15452506e-01,  -9.70723821e-01,   2.30555607e-01,
         2.17287998e+00,  -1.58324115e+00,   9.56667635e-01,
         4.28788802e-02,  -8.49796456e-01,   5.08248859e+00,
        -1.37552755e+00,   2.60849583e+00,   6.82217177e-01,
        -6.89836173e-01,  -2.94747840e+00,  -5.58355981e+00,
         1.31086915e+00,  -1.31071665e+00,   1.43866634e+00,
        -2.74277748e+00,   1.16095867e+00,  -1.96534021e+00,
        -1.84064508e+00,   3.26188346e-01,   1.37997575e+00,
        -5.11984425e-01,  -4.52900015e-01,  -3.15430686e+00,
        -1.87493470e+00,   2.65282365e+00,   7.13908146e-01,
         1.01605677e+00,   1.74229786e+00,   2.94352012e+00,
         4.31216061e+00,  -1.62687477e+00,  -6.63463407e-01,
         4.10840305e+00,   2.19322206e-01,  -2.36485261e+00,
         1.36311585e+00,  -1.45554692e+00,   1.86268296e+00,
         2.34903409e+00,  -3.58011026e-01,   6.15668847e-02,
        -9.47844990e-01,  -6.15398849e-01,  -3.38148241e+00,
         7.03787099e-01,  -4.31024501e+00,  -2.30206548e-01,
         1.49954304e+00,  -7.83947183e-01,   1.09618924e+00,
        -1.33324295e+00,   1.20543643e+00,  -4.15929154e+00,
        -1.41670336e+00,  -2.39403641e+00,   1.36185230e+00,
        -3.76799132e+00,  -9.61449895e-01,   9.40597698e-01,
         1.82234161e+00,   1.08428283e+00,   1.89909100e+00,
         1.16078341e+00,   6.20542911e-03,   1.92293645e+00,
        -2.94346478e-01,   4.65581136e+00,  -1.20293100e+00,
        -1.03737757e+00,  -2.40146293e+00,   1.03846187e-01,
         3.71109772e-01,  -1.10760983e+00,  -2.58106103e+00,
         1.81212624e+00,  -2.76841061e+00,  -7.59479815e-01,
         3.97245527e-01,   8.57207848e-01,   1.69322682e+00,
        -1.21057387e-01,   8.50193233e-01,  -3.59561557e+00,
        -1.57340126e+00,  -1.06633706e+00,   2.30277910e+00,
        -4.38373947e+00,   3.06452275e+00,  -1.27417049e+00,
        -1.39598630e+00,   1.77876962e+00,  -2.03614131e+00,
        -1.98199995e+00,   1.23970549e+00,   1.45382807e+00,
        -2.22981820e+00,   4.90899844e-01,  -2.56887186e-01,
        -5.02692243e-01,  -1.19245834e+00,  -1.24790440e+00,
        -2.49341876e+00,  -6.24627482e-01,   3.05617892e+00,
         3.60874830e+00,  -3.25322938e+00,   2.67965173e+00,
        -5.34163506e-01,  -1.50844528e-01,  -1.06308598e+00,
        -3.83888706e+00,   3.62749922e-01,   1.39770508e+00,
        -2.51259542e+00,   8.20819750e-01,   1.52869477e+00,
        -1.69564593e-01,   1.79574391e+00,  -8.64037520e-02,
         8.80067358e-01,   5.25858958e-01,   3.98438365e-01,
         1.17503048e+00,   9.46439968e-01,   2.91790221e+00,
         1.92718359e+00,   1.43591319e+00,   6.09900197e-01,
        -3.60590042e+00,   6.63964210e-01,   6.52026178e-01,
        -2.30543695e+00,   2.72851529e+00,  -2.27160080e+00,
        -3.67866229e-01,  -1.21500320e+00,   2.12167644e+00,
        -5.66706211e-01,   1.14523627e+00,   1.56862429e-01,
        -1.06332605e+00,   4.64085219e-01,   1.13664367e+00,
         2.20264909e-01,   1.67600766e+00,  -1.92115345e-01,
        -7.23914467e-01,  -2.17103932e+00,  -3.84571398e-01,
        -2.17532823e-01,  -1.87745563e+00,   1.49401739e+00,
         2.28152183e+00,  -2.56122590e+00,   1.98196654e+00,
        -7.75926076e-01,   3.20005042e+00,   9.83855556e-01,
        -9.85187169e-02,   1.88528348e+00,  -4.29550587e-01,
         5.97905423e-01,  -5.47231185e-01,   7.12666595e-01,
         1.35781988e+00,   3.22334265e-01,  -4.52898547e+00,
        -5.03440871e-01,  -6.90219910e-01,   2.41658399e+00,
         1.49276316e+00,  -1.03688448e+00,  -3.64767884e+00,
         3.49505084e+00,  -2.52308802e-01,   9.24256898e-01,
         8.56371915e-01,   5.13886275e-01,  -1.01589970e+00,
         2.29802528e+00,   7.17678486e-01,   1.87946345e-01,
         2.41541507e+00,  -1.67740095e+00,  -2.05358144e+00,
        -3.87635020e+00,   3.71626707e+00,   3.35162014e+00,
        -1.41114190e+00,   2.19286879e+00,  -9.66773376e-01,
        -2.36202573e+00,   7.59720160e-01,  -7.80603797e-01,
        -2.19080413e+00,   4.14206688e-02,   2.40675638e+00,
         1.74635746e+00,   2.89659703e+00,  -7.66305068e-01,
        -1.56883352e+00,  -7.57351631e-01,   1.93626896e+00,
         4.52878969e-01,  -1.57846083e+00,   1.39137151e+00,
        -9.32207847e-01,   7.18282037e-01,  -4.17640871e+00,
        -2.41212047e+00,  -4.42714709e-01,  -1.77294622e+00,
         1.15830238e+00,  -7.68291378e-01,   1.76814081e+00,
         1.85304563e-01,  -1.24912590e+00,   2.29565334e-01,
         2.21547151e+00,  -3.40037759e+00,  -2.33141369e+00,
         2.42187169e-01,   2.17666482e+00,  -4.17873055e+00,
         5.34486325e-01,  -3.28179480e+00,   2.62125805e+00,
         5.87107946e+00,  -1.72018418e+00,   3.28728768e+00,
         2.26203357e+00,   8.11615205e-01,   4.00457366e+00,
         8.54937754e-01,  -2.49688181e+00,  -5.52530915e-01,
         6.24038387e-01,   2.42161930e-02,   9.44739306e-02,
        -1.27922033e+00,   2.10456603e+00,  -1.50453741e+00,
         4.53314134e+00,   1.37200338e+00,  -4.00292543e-01,
        -1.48147095e+00,   1.80526883e+00,  -8.54879135e-01,
         1.06360656e+00,  -2.24572936e+00,  -2.82570998e+00,
         2.86930812e+00,   3.53981607e-01,  -1.40632407e+00,
         3.15481997e-01,  -9.31239130e-01,  -9.37779575e-01,
        -1.74161218e+00,  -3.05097414e+00,  -2.61173895e-01,
         1.20706771e+00,   2.57554604e+00,  -5.84990856e-01,
         4.06332239e+00,  -1.83636328e+00,  -2.12922195e+00,
        -8.75197539e-01,  -2.82160101e+00,   2.38572692e+00,
        -4.02071323e+00,  -3.57899373e+00,  -6.91678136e-01,
        -4.33019754e+00,   4.51744842e+00,  -2.38356579e-01,
        -1.06206704e-01,   1.58388452e+00,  -5.08494377e+00,
         3.04220458e+00]))
('Residual Norm error is: ', array([  1.41225711e-11]))
('Time for solution is ', 138.477261, 's')