('Solution Vector is: ', array([-1.17688609,  0.11070719,  0.29258522,  1.17644581, -0.16045676,
       -1.49147668,  0.95002532,  0.01058775,  0.61541274,  0.72126207,
        1.48545079,  1.24922564,  1.77508264, -0.79506673,  0.73242236,
        0.93505501,  0.33557375,  1.95399207,  0.31901187, -0.00880082,
       -1.48386275, -0.06239136, -1.46621292, -1.14448116, -1.6193714 ,
        0.47371704, -1.22917943,  0.36209342,  0.02821287,  0.83521693,
       -0.749622  , -0.50502097,  0.12978666,  0.68181355,  1.49882867,
        1.97441572,  0.09870479, -0.97824041,  0.02507965,  0.8520291 ,
        0.92618389, -0.78650764, -1.10032197,  1.67567666, -0.16693507,
       -1.42253521,  0.09450753,  1.08659794, -1.36228815, -0.60101782,
       -0.11530339, -2.12226919,  0.03539779,  0.55609838,  0.02953325,
       -0.96749532, -0.27853788,  0.06467685,  0.92018551,  0.41587133,
        0.43550616,  0.15548096, -0.10812645, -1.89103782, -0.79599491,
       -0.9253372 ,  0.96896742, -0.32081462, -1.13726643, -0.74699326,
        0.05968116, -1.88842104, -0.22279225,  1.19762227, -1.9730521 ,
       -0.0645822 , -0.18212788,  0.55124198, -0.27147742,  1.02087627,
        1.15899829,  1.26719114,  0.26469137, -0.62208195, -0.87996866,
       -0.14507882,  0.35515644, -0.31662874, -0.1639786 , -0.49181847,
        0.08268903,  1.1587046 , -1.04491377,  0.4517944 ,  0.90867183,
        1.54203309, -0.07142182, -0.07192726, -0.30704504,  0.77064761]))
('Residual Norm error is: ', 0.29775478496297336)
('Time for solution is ', 79.091205, 's')
Maximum number of iterations: 600