('Solution Vector is: ', array([  3.28078286e-03,  -4.33513097e-02,  -4.18302975e-02,
        -3.07740820e-02,  -3.19193112e-02,   7.44385516e-02,
        -3.12050253e-02,   1.55970357e-03,  -6.77270992e-02,
        -1.13392132e-02,   3.75586350e-02,  -1.97244378e-02,
         4.41052399e-02,   1.35413701e-02,   4.03794974e-03,
         3.59411740e-02,  -1.92117363e-02,  -4.57427741e-02,
         4.70417321e-02,  -4.78513787e-02,   5.27299884e-02,
        -1.02911308e-02,  -1.03408010e-02,   1.23976649e-02,
         1.32793389e-02,  -1.12881552e-01,  -5.84937422e-02,
        -3.37736113e-02,  -5.87032760e-02,   1.83631941e-03,
         3.41425380e-02,  -2.99381742e-02,   2.61532931e-02,
         4.36246799e-02,  -1.93789254e-02,   5.87225777e-02,
         3.50707962e-02,   1.39858487e-03,   2.24987668e-02,
         6.19631077e-02,  -5.84934861e-02,  -3.25270712e-02,
         6.07766020e-02,  -2.01892670e-02,   8.36764429e-02,
         1.00462996e-02,   2.50620290e-02,   1.21978766e-02,
         5.52667899e-02,  -9.34675939e-03,  -1.74542285e-02,
         3.76883439e-02,   2.90938109e-02,   7.01703746e-02,
         8.15099288e-02,   4.77155295e-02,   6.34433141e-02,
         2.73220313e-02,   8.16991862e-03,   2.32767340e-02,
        -3.56744248e-02,  -4.39783363e-02,  -2.98542620e-03,
         5.10308693e-02,   7.63034084e-03,   4.88547842e-02,
         6.45706721e-02,  -6.34127789e-02,  -2.86382562e-02,
        -3.13007975e-02,  -2.68143581e-03,   3.14221310e-02,
        -1.33883647e-02,   4.89401694e-02,  -6.93720484e-03,
        -1.14785405e-01,   3.86339905e-02,   4.28954067e-02,
        -1.78442118e-02,  -6.38908653e-02,  -3.91330171e-02,
        -4.17851536e-02,   8.83059300e-03,   7.45180901e-02,
         2.09984151e-02,   9.69238026e-03,   5.28719665e-02,
         1.41278093e-01,  -7.37239282e-03,  -2.32661441e-02,
        -3.03209093e-02,  -4.91070365e-02,   9.30714848e-02,
        -1.82840554e-05,   8.75355764e-03,  -2.54646773e-02,
         1.88362182e-02,  -5.24493739e-02,   1.17543748e-01,
        -4.29839047e-02,  -3.27810722e-02,   2.64108154e-02,
         7.50114945e-03,   2.13217135e-02,  -5.54980144e-02,
         6.72040113e-02,   3.35702701e-02,  -5.53309207e-02,
         9.50523602e-02,   3.42062906e-02,  -1.94022736e-03,
         1.85025867e-02,   1.72374791e-02,   3.53713820e-02,
        -5.41414719e-02,   3.51747047e-03,   7.26400105e-02,
        -1.40736177e-02,  -2.08818193e-02,   1.11487671e-04,
        -2.04231123e-02,   6.62503059e-02,  -6.68219829e-02,
        -9.53846973e-03,   5.05188608e-02,  -5.27543416e-02,
        -3.51647705e-02,  -4.33314407e-02,   2.21685900e-02,
         3.82931288e-02,   4.69916255e-03,  -4.54670173e-02,
         8.68188464e-02,   2.83343717e-02,   6.58597600e-02,
         3.12072026e-02,   2.98933004e-03,  -3.47221472e-02,
        -4.40857744e-02,   7.79506532e-02,  -1.91889036e-02,
         7.91192745e-02,   1.21348112e-02,  -2.75224943e-02,
         1.36634350e-02,   3.12825288e-02,  -7.01678467e-02,
        -1.01787521e-02,   3.42158201e-02,  -1.62322815e-02,
         4.31229776e-02,   7.95913226e-03,   6.82091261e-02,
        -1.19931685e-03,  -4.17404659e-02,  -5.07158342e-02,
         2.84816509e-02,   1.66385632e-02,  -2.80835605e-02,
         2.40147692e-02,   5.12999079e-02,   3.56812438e-02,
         9.06628367e-03,  -4.99868662e-02,  -5.25191527e-02,
        -1.14291850e-01,   1.78237326e-02,  -2.26152665e-02,
        -4.79442945e-03,   6.89714116e-02,  -9.10420194e-02,
         2.91903924e-02,  -6.44033263e-02,   5.26724361e-02,
        -1.93288527e-02,  -3.50837971e-02,  -5.26158211e-04,
         1.36154588e-02,  -2.14210784e-02,  -2.80931077e-02,
         1.40654256e-01,   2.91309530e-03,  -1.92499203e-02,
         3.50870959e-02,  -4.61041128e-02,  -3.81489844e-02,
        -1.10095197e-02,  -3.07918948e-02,   5.34461539e-02,
        -1.09290643e-02,   7.56569235e-02,   3.73430056e-02,
        -1.97377833e-02,   2.47570409e-02,  -1.19751450e-02,
        -1.07695795e-01,  -7.73816118e-03,  -6.22672660e-02,
         4.17583156e-02,   4.16440097e-02,  -5.37097440e-03,
        -4.34721842e-02,  -4.51165657e-02,  -5.17422677e-03,
        -3.93052376e-03,  -2.47072054e-03,  -6.44455175e-02,
         8.38382440e-02,   6.67384751e-02,   2.37053076e-02,
         6.56317363e-02,   3.10149133e-02,   2.25413754e-02,
        -7.49482616e-02,   2.12532222e-02,   6.87388994e-02,
        -2.77523222e-02,  -3.21923347e-02,  -1.19765190e-02,
        -6.62565820e-02,  -3.08839741e-02,  -9.71764699e-03,
         5.49059318e-02,   6.57938656e-02,  -3.68207234e-02,
         1.77201282e-02,   7.78015370e-02,  -1.03781139e-02,
         5.54965098e-02,   4.23144816e-02,  -3.74333359e-02,
         4.29501689e-03,   2.88029474e-02,  -2.31800506e-04,
         4.15867933e-02,   3.20434771e-02,  -2.90584950e-02,
         3.29310512e-02,  -7.12329824e-03,  -7.19821696e-02,
        -2.46321385e-02,  -3.26034359e-02,  -4.08548294e-02,
         8.76661834e-02,  -7.39818702e-03,   2.87589610e-02,
        -1.06579264e-02,   6.24750378e-02,  -2.94143548e-02,
        -3.78241445e-02,  -7.91069751e-02,  -4.25782971e-03,
         1.43670535e-02,  -9.40339655e-03,   2.02408989e-02,
        -8.63608316e-03,   3.15998371e-03,   3.40362200e-03,
         2.21803061e-02,  -1.99598284e-02,   8.05066113e-02,
        -3.80726954e-02,   3.00373728e-02,  -2.54171134e-02,
        -1.82481329e-02,  -1.88691976e-02,  -2.48302465e-02,
        -5.73703895e-02,   3.28752451e-02,  -5.17682760e-02,
        -2.38587978e-02,  -3.06702131e-02,  -4.65602266e-02,
        -1.62994299e-02,   2.86713286e-02,  -2.45161232e-02,
         2.80637499e-02,   3.69708523e-02,   3.95426469e-02,
         2.74220717e-02,   2.11540348e-02,  -3.19733604e-02,
        -1.74352728e-02,  -4.33872152e-02,  -5.52167942e-03,
         1.44482424e-03,  -4.75797011e-02,   1.08094532e-02,
        -3.66148302e-02,   6.27697601e-02,   1.06734688e-03,
         1.08583214e-02,   5.15257427e-03,  -5.85666875e-02,
         1.00634021e-01,   2.93830191e-03,  -5.44172965e-03,
        -4.11477666e-02,   9.19610271e-02,  -3.08297553e-02,
         3.28235216e-02,   9.14819354e-04,  -1.56186296e-02,
         1.26694703e-01,   2.05013669e-02,   1.39699298e-02,
         2.41469045e-03,   5.89370844e-02,  -7.80182802e-03,
         1.60945348e-02,  -2.43908114e-02,  -1.80997368e-02,
         3.23203832e-03,  -8.93745051e-02,  -1.01653644e-03,
         7.42600296e-02,   5.06054156e-02,   1.47299657e-02,
        -2.25503756e-03,   6.10128121e-02,  -5.38271399e-02,
        -6.12127849e-02,   2.26842740e-02,   4.80853206e-03,
        -1.80954199e-03,   6.49546347e-03,  -4.60892536e-02,
         4.27712286e-03,   2.09305265e-02,   4.56627852e-03,
         3.87324754e-02,   3.67745370e-02,  -5.84108085e-02,
         3.36702771e-03,  -1.81673851e-02,  -6.14107784e-02,
        -5.41774057e-02,   6.64186912e-02,  -7.61241926e-03,
         1.60055252e-03,   2.08624664e-02,   2.54531489e-02,
         5.60732065e-02,   3.57699785e-03,  -2.80800658e-02,
        -8.01955574e-02,  -6.83894994e-02,  -2.70796795e-02,
        -3.37431507e-03,  -1.57790895e-03,  -2.26792236e-02,
        -3.32646069e-02,  -2.80133863e-03,  -6.97429931e-02,
        -4.06466742e-02,  -2.67009480e-02,   2.86119861e-02,
        -3.57383372e-02,   5.35101874e-02,  -1.06309848e-02,
         3.28363152e-03,  -6.25923673e-02,   3.57598175e-02,
        -2.19128703e-02,   1.74798139e-03,   5.59835026e-03,
         1.66278108e-02,   8.12456761e-03,  -5.54356731e-02,
        -6.18078846e-03,   6.73020932e-03,   5.05354914e-02,
        -4.95459076e-02,  -3.54311864e-02,  -6.86609577e-03,
         8.59023918e-02,   5.58745553e-02,   6.51522895e-03,
        -5.24257733e-02,  -1.86265320e-02,  -2.57062010e-02,
         8.63210815e-02,  -4.23773542e-02,   1.29919395e-02,
         3.63510673e-02,   3.44527068e-02,   6.32090596e-02,
        -1.36542172e-02,   4.97879592e-02,   2.87768714e-02,
        -2.30624370e-02,   3.02477539e-02,  -6.50486147e-03,
         1.58345273e-02,   2.82997135e-03,   8.99945945e-02,
         5.67869212e-03,  -8.78694987e-03,   8.83262136e-03,
         5.50113393e-02,   4.56242500e-02,   3.87023104e-02,
         3.05307054e-03,  -5.23189416e-03,  -2.15920784e-02,
        -4.04830388e-02,  -7.22608486e-03,  -4.45553847e-02,
         1.96282040e-02,   3.90915650e-02,  -2.67392541e-02,
         1.89610657e-02,   2.60086444e-02,  -4.80029049e-04,
        -3.97315612e-02,  -2.62472007e-03,   5.35233912e-02,
        -9.76737246e-02,   5.86572132e-02,   1.99284842e-02,
         7.08138152e-02,   2.36552039e-02,   5.05607683e-02,
        -8.08259339e-02,  -7.12537153e-02,  -1.65501130e-03,
        -2.64868216e-02,  -6.57372758e-02,   3.76304860e-02,
        -1.25256457e-02,  -1.56590997e-02,   2.59930959e-02,
        -2.00703704e-02,  -9.44805557e-02,  -4.10552990e-02,
         3.20472925e-03,   2.76629773e-02,  -8.49814721e-03,
         7.89556354e-02,  -5.28381480e-02,   7.00869502e-02,
        -5.91435404e-02,   2.99638206e-02,   2.95840276e-02,
        -3.31382540e-02,   1.25234364e-02,  -5.35194855e-02,
        -1.75840737e-02,  -6.34661925e-02,   2.38221459e-03,
         5.37819682e-03,   2.81455698e-02,   2.25110207e-02,
        -4.18802114e-02,   1.94381713e-02,  -7.97317983e-02,
         5.80592435e-02,   4.31631308e-02,   2.71731557e-03,
        -8.34546711e-02,  -2.11913559e-02,   5.10818275e-03,
        -3.25059589e-02,   7.34148974e-02,  -1.87013968e-02,
         5.48992081e-02,   5.92724129e-02,   4.28843206e-03,
        -1.35266686e-02,  -2.48710274e-02,   5.08105371e-02,
         5.55429882e-03,  -1.13707854e-02,   4.94543509e-02,
        -6.96524240e-02,  -3.16075741e-02,  -2.86516878e-02,
         1.38574747e-02,   5.67461502e-02,  -2.17748460e-02,
         1.12311307e-02,   6.63932842e-02,   5.30542068e-02,
        -2.99208383e-02,  -1.13931145e-02,   7.19033419e-02,
         5.56314245e-02,  -8.00598595e-02,  -1.39264494e-02,
         9.26689755e-02,  -2.21603681e-02,  -1.62137931e-03,
        -3.46047912e-03,  -2.04017269e-02,  -3.13206415e-03,
         4.11323905e-02,  -2.71374503e-02,   3.46111852e-02,
        -1.09007315e-02,   7.61100753e-02,  -3.48134206e-02,
        -9.75467948e-02,   8.59325772e-03,  -4.51990131e-02,
         1.17334413e-02,  -6.54905573e-02,   1.66867871e-02,
         2.42423740e-03,  -2.16866633e-03,   5.36654196e-02,
        -2.52040921e-02,  -7.35263869e-02,   2.70314640e-03,
         9.48112243e-02,   1.26291697e-02,  -3.45385072e-02,
        -6.09930507e-02,  -4.95308541e-02,   4.47216417e-03,
        -2.64876126e-02,   9.97827568e-03,   5.06767684e-02,
        -7.05126937e-03,   9.84733933e-03,  -8.93874519e-02,
        -1.97882946e-02,   5.60984163e-02,  -5.11299787e-02,
        -5.07004539e-02,   6.28662026e-02,  -7.25693438e-02,
        -6.51648023e-02,   5.42428117e-02,  -3.44139089e-02,
        -7.17541136e-02,  -4.46634785e-02,   6.22629210e-02,
        -3.04770737e-02,  -7.94859317e-02,   7.13649794e-02,
        -3.62544821e-02,  -3.63776620e-02,  -2.35358127e-02,
        -3.08308161e-02,  -1.57499544e-02,   1.76916340e-02,
        -2.58394029e-02,  -1.18669424e-02,  -3.89383889e-02,
        -2.43709989e-02,   1.48527383e-02,   6.49131128e-02,
         3.62876876e-02,   3.25245667e-02,   9.79448985e-03,
         3.99743583e-02,  -3.57885190e-02,  -4.58433554e-02,
         2.19386782e-03,   1.35738364e-02,   6.94903457e-03,
        -7.38533876e-02,  -2.06606628e-02,   2.08130838e-02,
        -7.43852481e-02,  -6.41881337e-02,   2.83727751e-02,
        -5.38118947e-02,  -4.08179084e-03,   3.23921348e-02,
         1.59740081e-02,  -5.87403597e-02,   1.62664348e-02,
         2.56262546e-02,  -2.53447310e-02,   2.57706907e-02,
        -7.06417475e-03,   2.66953244e-02,  -5.09835569e-02,
         4.50459548e-02,   3.91056890e-02,   5.68786988e-02,
         2.66360525e-02,   4.75973001e-02,   2.78080733e-03,
         1.54468077e-02,   2.49821230e-02,  -2.79126601e-02,
        -3.80059236e-02,  -5.25759096e-02,   3.49508284e-02,
        -6.89082011e-02,   3.10692471e-02,   4.99303936e-02,
        -7.77005893e-04,   8.67896542e-02,   6.29930463e-03,
         8.40313372e-02,   5.00526939e-02,  -7.57985668e-02,
        -3.52293143e-02,  -8.26823458e-02,  -1.72864855e-02,
         5.49857450e-02,  -1.73265630e-02,   5.98198451e-02,
        -2.92160481e-02,  -7.99260542e-02,   4.33020716e-02,
        -6.03681709e-02,  -1.11378316e-01,  -3.16748754e-02,
        -2.58191100e-02,  -3.89686032e-02,   3.09748438e-02,
         1.44965422e-03,  -2.37792382e-02,   9.20412907e-02,
         6.87095640e-02,   7.12997373e-02,   2.79103779e-02,
        -2.23805502e-02,  -1.02311756e-01,   4.92802332e-02,
        -2.56513864e-02,  -7.71234467e-02,  -6.53640474e-03,
        -2.38517334e-02,   1.73155535e-03,   3.21776959e-02,
         1.59006715e-02,  -1.72670182e-02,   3.27527938e-03,
         2.90162526e-02,   5.49201697e-02,   3.01552815e-02,
        -1.82860352e-02,   6.11921187e-02,  -1.58037375e-02,
         3.02811074e-02,   7.42367683e-02,  -6.82973386e-03,
         6.42543377e-02,  -2.11682859e-02,  -1.71031552e-02,
         4.53949362e-02,   9.95200495e-02,   7.88181724e-02,
        -4.64403561e-02,   7.99499824e-02,   5.35913459e-02,
         1.06708347e-02,   2.18607059e-03,   4.73151350e-02,
        -1.09189125e-02,  -9.12843147e-02,   6.03177564e-02,
         4.11973090e-02,  -2.67953202e-02,   4.82879822e-02,
        -5.53262729e-02,  -7.41795420e-03,   5.70007116e-02,
        -7.94608243e-02,  -7.05262442e-03,  -1.82656406e-02,
        -4.61756978e-02,   3.99528581e-02,  -3.38941838e-03,
         1.28753309e-02,  -9.67682855e-03,   8.92330902e-02,
         7.18468617e-02,  -8.78556440e-03,  -4.34420179e-02,
        -1.28639005e-02,   9.16258432e-03,  -4.23551349e-02,
         6.02124016e-02,   3.92115433e-02,   4.52890338e-02,
        -5.70655268e-02,   5.15296901e-02,  -1.87691151e-02,
        -3.40501852e-02,  -5.99526819e-02,   3.07781832e-03,
        -6.06169584e-02,   1.22536306e-02,   1.00473859e-03,
        -1.29753904e-02,   2.75358446e-02,  -6.58971583e-03,
         8.65131451e-02,   3.99532928e-02,  -5.37873359e-02,
         4.70988082e-04,  -1.73278032e-02,   6.73257410e-02,
         3.59291981e-03,   1.87454614e-02,  -4.62726073e-03,
         1.16376910e-03,   3.46252937e-03,  -5.06428624e-02,
        -2.53868597e-02,  -5.55691671e-02,  -3.63743147e-02,
        -1.53883853e-02,  -5.83259638e-03,   3.14215229e-02,
         6.01519065e-02,  -1.92023555e-02,  -5.59787460e-02,
         3.49185034e-02,  -2.85904491e-02,   7.58955689e-02,
        -2.05765571e-02,  -7.01175026e-02,   1.11152717e-03,
        -1.90926948e-02,  -1.15797860e-01,   9.73417238e-03,
         7.84225990e-02,  -7.51059926e-02,  -3.98559453e-02,
         6.64765273e-02,  -6.68290361e-02,  -3.77361971e-02,
         1.44065169e-02,   1.14175613e-02,  -1.09839065e-02,
         3.51590351e-02,  -6.59974775e-02,   9.41004484e-02,
        -1.44243984e-02,   1.39023721e-02,   7.39527141e-02,
         7.65043274e-02,  -2.09498361e-02,   3.83988197e-02,
         2.33341971e-02,   1.23173939e-01,  -7.29462687e-02,
         2.03438955e-02,  -5.17923186e-02,   8.10983870e-03,
         1.24311670e-02,  -1.66890876e-02,  -3.83204803e-02,
         2.96062133e-02,  -3.72359331e-02,  -3.97496221e-02,
        -1.75702371e-02,  -8.12849330e-03,  -2.42073128e-02,
         1.10461079e-01,   2.49956496e-02,   8.72797956e-02,
         2.54432589e-02,   2.36658790e-02,  -1.30401387e-02,
        -2.14351996e-02,  -2.85535305e-03,  -4.20502104e-03,
         9.04928576e-03,   5.23191557e-02,   2.16303791e-02,
        -6.96320442e-02,   3.23368627e-02,   3.47669816e-02,
        -3.71659123e-02,   1.41071868e-02,  -2.31547369e-02,
         2.24899655e-02,  -8.56459109e-02,  -2.76972936e-02,
        -3.13087586e-02,   7.04471014e-02,   1.92920756e-02,
         1.78553805e-02,   2.59055905e-02,   4.34222501e-02,
        -1.13470601e-02,  -1.68959030e-02,  -6.46874675e-02,
        -3.31238017e-02,   1.00532102e-01,  -2.86491603e-02,
        -9.41724874e-03,  -4.02771445e-02,  -5.29146462e-02,
         7.36930537e-02,   6.33382282e-02,  -1.61233992e-02,
         4.10006498e-02,  -3.58053640e-02,   2.19698330e-02,
        -1.27606889e-02,   6.26184078e-03,   2.28414625e-02,
        -2.21510932e-02,  -1.09439411e-02,   1.45074419e-02,
        -1.79108567e-02,   9.52509420e-03,   2.58128824e-02,
         3.46769691e-02,  -3.09401130e-03,  -4.62195268e-02,
         4.62016989e-02,   2.75567164e-02,  -5.48967191e-02,
        -8.07811969e-03,   1.20760533e-02,  -9.64362064e-02,
         4.81963931e-02,   8.03812503e-02,   5.53923403e-02,
         5.76561730e-02,   1.43661405e-02,  -7.18994636e-02,
        -8.42356952e-03,  -1.45635069e-02,  -6.41365276e-03,
        -8.74439752e-03,   2.66030679e-03,   2.87994315e-02,
        -2.77930466e-02,   3.01496248e-02,  -4.64556197e-02,
         7.86563225e-03,   9.78170189e-03,   4.16442596e-02,
        -5.13369684e-03,   1.38857451e-03,  -1.85275184e-03,
        -1.32950963e-02,  -3.93260012e-02,  -1.39647085e-02,
         4.09547082e-02,   3.37259314e-02,  -3.14367960e-02,
        -7.87052102e-02,  -5.60357580e-02,  -1.92839801e-02,
         2.09181346e-02,  -1.06770505e-02,   1.88744663e-02,
         1.86191972e-02,  -5.41827132e-02,   2.98863039e-02,
         9.84453147e-03,  -5.10256089e-02,   3.42268214e-02,
         3.63506963e-02,  -3.29215224e-02,  -4.88648934e-02,
         5.52036501e-02,   5.83126046e-02,  -3.13653212e-02,
        -1.10555320e-02,  -5.58739144e-02,  -7.24429969e-02,
        -6.37243557e-02,  -1.29149913e-02,   7.00171175e-02,
        -2.91985138e-02,   3.02576079e-02,  -9.41649593e-02,
        -3.63620265e-02,  -1.35956682e-02,   1.34320498e-02,
        -9.95776385e-03,  -4.97225301e-02,  -3.07207011e-02,
         1.16777140e-02,   6.46641178e-02,  -6.84181686e-02,
         4.67666648e-02,  -3.62344061e-03,  -4.90444534e-02,
         3.82455330e-02,   1.24726729e-02,  -1.49063219e-02,
        -6.07848255e-02,   1.37582370e-02,  -1.05006961e-01,
         6.03307552e-02,  -3.58817534e-02,  -1.12350990e-01,
        -2.98403251e-03,   1.97311062e-02,   7.71979790e-03,
        -6.73132673e-02,  -1.42305707e-03,   2.97992080e-02,
        -2.15063755e-02,   2.51443526e-02,  -6.61741100e-02,
         3.84972462e-02,   3.07312221e-03,  -1.52080549e-02,
        -4.16933293e-03,   4.12261153e-03,  -6.04146395e-02,
        -6.89514351e-02,   4.36999351e-02,  -1.21195484e-02,
        -2.52393162e-03,  -2.24531579e-02,   3.91075359e-02,
        -6.78006443e-02,   5.27537515e-02,  -4.26351991e-02,
        -8.06711247e-02,  -1.35347288e-02,   6.97147263e-02,
        -3.92899138e-03,  -1.72841100e-02,   5.96894379e-02,
         1.23566784e-02,   2.24665985e-02,  -1.40615665e-02,
         5.88867632e-04,  -4.71903713e-03,  -3.55840887e-02,
         1.17945364e-02,  -1.26315143e-02,   6.37461533e-03,
         2.75773601e-02,   3.06667405e-02,  -5.23371994e-02,
         2.38141427e-02,   7.19520685e-02,   5.31066424e-02,
         1.25222160e-01,  -2.30851530e-02,  -6.64957590e-03,
         9.24250942e-02,   7.14151018e-03,  -3.96173365e-03,
        -7.20654365e-04,   7.33477114e-03,  -6.93619611e-04,
        -3.14500367e-02,  -1.14768195e-02,   1.14946973e-02,
        -1.94779953e-02,  -1.89088585e-02,   4.07960805e-02,
         5.20325512e-02,  -2.64117989e-02,   3.99202052e-02,
         6.09149944e-02,  -7.70907923e-02,   8.45597388e-03,
         1.92479261e-02,   1.31216386e-02,  -1.55892396e-02,
         1.14396934e-02,  -1.10450163e-02,  -3.26579483e-02,
         3.13209636e-02,  -6.89537416e-02,   4.71680552e-02,
        -1.54708452e-02,  -4.33192973e-02,  -1.15960356e-02,
         1.15035722e-01,   3.64570480e-02,   6.96953220e-02,
        -6.52414237e-02,   3.72793817e-02,   2.09942405e-02,
        -1.02514570e-01,  -4.83812414e-02,   5.49759647e-04,
         4.57312360e-03,   1.30750124e-02,   2.42630773e-03,
         5.01652306e-02,   5.61229609e-02,   1.46252191e-02,
         8.26486604e-02,  -3.23300105e-02,  -1.60720877e-02,
        -5.28673413e-02,   1.60274422e-02,   4.07158925e-02,
        -5.07442556e-02,  -3.23266111e-02,  -6.45958862e-03,
        -2.28384085e-02,  -4.74272270e-02,   2.79654974e-02,
        -8.56072843e-02,  -1.14477169e-03,   4.89345657e-02,
         1.08029422e-01]))
('Residual Norm error is: ', 53.63723268432237)
('Time for solution is ', 1952.626193, 's')
Maximum number of iterations: 1000