('Solution Vector is: ', array([[0],
       [0],
       [0],
       [0],
       [0],
       [1],
       [0],
       [0],
       [0],
       [1],
       [0],
       [0],
       [1],
       [1],
       [1],
       [0],
       [0],
       [1],
       [0],
       [1],
       [1],
       [0],
       [0],
       [0],
       [0],
       [0],
       [1],
       [0],
       [0],
       [1],
       [0],
       [0],
       [0],
       [1],
       [0],
       [0],
       [0],
       [1],
       [0],
       [1],
       [0],
       [0],
       [1],
       [1],
       [0],
       [0],
       [0],
       [0],
       [1],
       [0],
       [0],
       [1],
       [0],
       [0],
       [0],
       [1],
       [1],
       [0],
       [0],
       [0],
       [0],
       [0],
       [0],
       [1],
       [0],
       [0],
       [0],
       [0],
       [0],
       [1],
       [0],
       [0],
       [0],
       [0],
       [0],
       [1],
       [0],
       [1],
       [0],
       [0],
       [0],
       [1],
       [0],
       [0],
       [1],
       [0],
       [0],
       [0],
       [0],
       [0],
       [1],
       [0],
       [0],
       [0],
       [0],
       [0],
       [1],
       [0],
       [0],
       [0]]))
('Residual Norm error is: ', array([ 137.06202975]))
('Time for solution is ', 0.02869400000000001, 's')
Maximum number of iterations: 1