('Solution Vector is: ', array([[-0.95100663],
       [-0.68725319],
       [ 0.10831379],
       [-0.38822183],
       [ 0.42879363],
       [ 1.41061521],
       [-0.54103499],
       [-0.14511578],
       [ 1.41136034],
       [-1.83769386],
       [ 0.53239481],
       [-1.01242522],
       [ 0.98880696],
       [ 0.99390899],
       [-0.50897356],
       [-0.20643206],
       [ 0.22555413],
       [ 1.16609658],
       [ 0.39868938],
       [ 0.61306156],
       [-1.55899357],
       [ 0.06905154],
       [ 0.20872508],
       [ 0.30414717],
       [ 1.97500286],
       [ 0.28552162],
       [-1.08749774],
       [-1.34944564],
       [-2.08780404],
       [-1.30376524],
       [ 1.47947444],
       [-1.04162141],
       [ 0.53037529],
       [-1.3768494 ],
       [-0.23666348],
       [-0.66431729],
       [-1.63885148],
       [ 0.36117156],
       [ 0.31334121],
       [-1.23677817],
       [ 0.09230534],
       [ 0.20240188],
       [-0.23049945],
       [-1.46878414],
       [-1.88238197],
       [ 0.96863439],
       [ 0.320474  ],
       [ 1.98890682],
       [ 0.31909611],
       [ 1.47125312],
       [ 0.7696668 ],
       [-0.12423039],
       [-0.42674246],
       [-1.58386833],
       [ 0.3274204 ],
       [-0.68676915],
       [ 0.12133674],
       [ 0.21363317],
       [-0.48643726],
       [ 1.38928767],
       [ 1.54213845],
       [-1.35880294],
       [-0.84066136],
       [ 0.74517857],
       [-0.76923792],
       [ 0.60371703],
       [-0.29274782],
       [-1.11692143],
       [ 0.00434871],
       [-1.57183207],
       [ 1.25442635],
       [-1.48081958],
       [-1.77244867],
       [-1.05844437],
       [ 0.7317814 ],
       [ 0.95385106],
       [ 0.23359977],
       [ 1.35009439],
       [ 1.12433206],
       [-0.75318567],
       [ 0.13480649],
       [ 1.55191827],
       [ 0.92301876],
       [ 0.884052  ],
       [ 0.76854946],
       [ 1.15938665],
       [ 0.7203559 ],
       [-0.20369202],
       [-1.96801586],
       [-0.93314093],
       [ 1.62192134],
       [ 0.52907156],
       [ 1.00623888],
       [ 1.7838201 ],
       [ 0.21612645],
       [-0.34122979],
       [-0.00510394],
       [ 0.64230437],
       [ 0.0433409 ],
       [-0.30177617]]))
('Residual Norm error is: ', array([  1.32948465e-12]))
('Time for solution is ', 0.012819999999999998, 's')
Maximum number of iterations: 1