('Solution Vector is: ', array([[  1.03876052e+00],
       [  1.24883979e+00],
       [ -8.60090209e-01],
       [ -1.24032967e+00],
       [ -1.35167105e+00],
       [  1.96862846e+00],
       [ -3.09989006e+00],
       [  1.84488587e-01],
       [ -1.14958996e+00],
       [ -1.41380595e+00],
       [  1.52332451e+00],
       [ -1.81899404e+00],
       [ -2.20181042e+00],
       [  4.68217034e-01],
       [  9.95194667e-01],
       [  2.49412490e+00],
       [ -5.70706234e-01],
       [  8.91167089e-01],
       [  7.05160926e-01],
       [ -2.81627857e+00],
       [  1.93196867e+00],
       [ -4.15979953e-01],
       [ -5.49849358e-01],
       [  1.69040531e+00],
       [ -8.20129412e-01],
       [ -9.86669090e-01],
       [  2.17454294e+00],
       [  1.92668010e+00],
       [  1.67627463e+00],
       [  7.54692020e-01],
       [ -1.23584932e+00],
       [ -2.52437795e+00],
       [ -5.41759753e-01],
       [  2.37690251e+00],
       [ -1.99545697e+00],
       [ -4.00191964e+00],
       [ -4.46912652e-01],
       [  8.34644215e-01],
       [ -8.42035120e-01],
       [ -1.57939193e+00],
       [ -1.33374532e+00],
       [  2.81348951e+00],
       [  3.28665366e+00],
       [ -1.78497914e+00],
       [ -1.77501037e+00],
       [ -5.27445025e-02],
       [  4.51784403e-01],
       [ -2.36168804e+00],
       [ -2.99033788e-01],
       [  8.23857346e-02],
       [ -3.50191567e+00],
       [ -3.87453980e+00],
       [ -4.33280666e+00],
       [  5.26335136e-01],
       [ -5.33422524e-01],
       [  2.43015741e+00],
       [  2.05466686e+00],
       [ -4.43458301e+00],
       [ -5.62095887e-01],
       [ -2.06217390e+00],
       [ -3.67748404e+00],
       [ -1.65533624e+00],
       [ -6.00035867e-01],
       [  1.14814275e+00],
       [  1.27469478e+00],
       [ -8.56408924e-01],
       [ -1.87717424e+00],
       [ -3.33872242e-01],
       [ -5.32629258e-01],
       [ -4.58519267e-01],
       [ -8.58477136e-01],
       [ -3.59298250e-01],
       [ -1.00452492e+00],
       [  3.86164880e-01],
       [  7.57183863e-01],
       [ -2.04562653e+00],
       [  1.06065708e+00],
       [ -1.12949609e+00],
       [  2.25224213e-01],
       [ -1.80673504e+00],
       [  2.43024601e+00],
       [  2.22715363e-02],
       [  4.00183707e-01],
       [ -4.42168865e-02],
       [  1.07383296e+00],
       [  2.18275278e+00],
       [  2.07975588e-01],
       [ -1.05213474e-03],
       [  5.29070959e-01],
       [  4.02253874e-01],
       [ -2.51019456e+00],
       [  3.40607452e-02],
       [ -2.65059875e+00],
       [  2.16055436e+00],
       [  2.50278844e+00],
       [ -1.11338432e-01],
       [ -2.36871940e+00],
       [ -1.01481479e+00],
       [ -3.61293962e-02],
       [ -1.58401252e+00],
       [ -1.87771283e-01],
       [  2.27493355e+00],
       [  1.23269820e-01],
       [  7.73971850e-01],
       [ -4.77751276e-01],
       [ -5.52088429e-01],
       [ -2.31595044e-01],
       [ -1.14911582e+00],
       [ -1.73409206e+00],
       [ -1.28401422e+00],
       [ -1.28555382e+00],
       [  4.23570697e-01],
       [ -1.31192826e+00],
       [ -1.29198231e+00],
       [  1.48662095e+00],
       [ -1.57206065e-01],
       [ -1.05236545e+00],
       [ -1.58109470e+00],
       [ -6.83541307e-02],
       [  9.32034502e-02],
       [ -8.04178665e-02],
       [  1.74818203e+00],
       [ -1.87203934e+00],
       [ -1.40382823e+00],
       [  2.27217681e-01],
       [  2.19206724e+00],
       [ -7.41807992e-01],
       [  1.34963963e+00],
       [  3.56384272e+00],
       [ -5.63328557e-01],
       [  2.92445024e+00],
       [ -7.08807579e-01],
       [  6.88419045e-01],
       [  1.43314094e+00],
       [ -6.21974835e-02],
       [ -3.24753702e-01],
       [  2.19227817e+00],
       [  6.90991241e-01],
       [ -7.72737405e-01],
       [ -7.25920629e-01],
       [ -7.20719126e-01],
       [ -7.12521671e-01],
       [ -1.40243301e+00],
       [  5.74675402e-01],
       [ -2.15712485e+00],
       [  7.73063324e-01],
       [  2.03553395e-01],
       [ -1.78514517e+00],
       [ -9.17659655e-01],
       [  1.83303123e+00],
       [  2.90669387e-01],
       [  2.23944683e+00],
       [ -2.37137623e-01],
       [  1.01964666e-01],
       [  2.48221302e-01],
       [ -2.80852914e+00],
       [  1.15885892e+00],
       [ -9.59350273e-01],
       [ -1.71052820e+00],
       [  6.42057030e-01],
       [  6.06349489e-01],
       [ -2.78280748e+00],
       [  1.68742600e+00],
       [ -2.65101552e+00],
       [ -1.37012439e+00],
       [ -1.09035001e+00],
       [  1.20126609e-01],
       [  1.89513787e+00],
       [ -2.14828132e+00],
       [  3.54952105e-01],
       [ -9.30886699e-01],
       [  2.25607916e-01],
       [  2.40996825e+00],
       [ -6.44448073e-01],
       [ -7.80086206e-02],
       [ -1.42130666e+00],
       [  5.27951349e-01],
       [  1.50005220e+00],
       [ -1.30176872e+00],
       [  1.28300492e+00],
       [  1.48884573e+00],
       [  2.30400101e+00],
       [  3.82464877e-01],
       [ -7.54729283e-02],
       [  1.01752265e+00],
       [  3.33506566e+00],
       [  1.72898902e+00],
       [  1.75378135e+00],
       [  6.53535233e-01],
       [  1.96751412e+00],
       [  1.86105484e+00],
       [  2.08123668e+00],
       [ -1.56687356e-01],
       [  1.03146219e+00],
       [ -9.70030152e-01],
       [  8.64716053e-01],
       [ -1.34721392e+00],
       [  3.64699448e+00],
       [ -3.44953438e-01],
       [  5.25232911e-01],
       [  3.76231079e-01],
       [ -5.23253920e-01],
       [ -5.46895694e-02],
       [  3.74178974e-01],
       [  2.43764389e-01],
       [ -6.71433711e+00],
       [ -2.86000276e+00],
       [  2.08855957e+00],
       [ -1.04261207e-01],
       [ -3.06131455e-01],
       [ -9.15540454e-01],
       [ -9.30175827e-02],
       [  1.07359948e+00],
       [  1.89243125e-01],
       [ -1.69363576e-01],
       [ -4.79607048e-01],
       [  1.31017567e+00],
       [ -9.86224616e-01],
       [  4.88954985e-02],
       [  3.08455695e+00],
       [ -3.44598900e-01],
       [  1.85539963e+00],
       [ -4.55116943e-01],
       [ -5.28478704e-01],
       [  3.76758132e-01],
       [  4.15362748e-01],
       [  5.79613525e-01],
       [  2.33445546e+00],
       [ -8.65150481e-01],
       [  8.06005921e-01],
       [ -2.17873875e+00],
       [  1.88500694e+00],
       [  1.74162252e-01],
       [ -4.71518552e-01],
       [ -8.73464721e-01],
       [  1.34429189e+00],
       [ -3.29173260e-01],
       [ -3.60436515e+00],
       [  1.28587373e+00],
       [  3.33782572e-01],
       [  2.37792694e+00],
       [ -7.38606625e-01],
       [  1.06624748e+00],
       [  2.04108293e-01],
       [  9.47077405e-01],
       [  2.87193132e+00],
       [ -6.34720510e-01],
       [ -7.65870558e-01],
       [  4.42880707e-01],
       [  4.20787446e-01],
       [ -3.32283281e-01],
       [  1.86223567e+00],
       [ -1.74351520e+00],
       [ -7.58045176e-01],
       [ -1.80954475e+00],
       [  2.14583136e+00],
       [  2.38475031e+00],
       [ -2.43227307e+00],
       [ -1.41358172e+00],
       [  6.16153610e-01],
       [  3.09809197e-01],
       [ -1.07261784e+00],
       [  1.36638065e+00],
       [ -2.01593529e+00],
       [  1.34270053e+00],
       [  5.88035098e-01],
       [ -4.15949747e-01],
       [  2.78038074e-01],
       [ -1.65901955e+00],
       [  3.61634271e-01],
       [ -2.41327414e+00],
       [ -1.67695349e+00],
       [ -2.68552069e-01],
       [ -1.03591979e+00],
       [ -8.30869628e-01],
       [ -3.61738798e-01],
       [  9.25607848e-01],
       [ -2.63439651e+00],
       [  1.24175135e+00],
       [ -5.17365193e-01],
       [ -1.10604962e+00],
       [ -1.20258813e+00],
       [ -1.58079348e+00],
       [  5.44085256e-01],
       [ -2.72196447e+00],
       [  2.12666259e-01],
       [ -3.03719408e+00],
       [ -5.42321658e-01],
       [  4.48484787e-01],
       [  3.51133231e-01],
       [ -1.49089517e+00],
       [ -2.59956234e-01],
       [  1.15625612e+00],
       [  3.46106631e-01],
       [ -5.55265038e-02],
       [ -2.94614239e+00],
       [ -1.63013378e+00],
       [  3.86489716e-01],
       [  1.94956672e+00],
       [  1.26644731e-01],
       [  1.37590317e-01],
       [ -3.41525807e+00],
       [ -1.44646448e-01],
       [ -1.56291510e+00],
       [  1.16643006e-01],
       [ -8.09671098e-01],
       [ -4.49709348e-01],
       [ -3.12369184e+00],
       [  1.08579980e+00],
       [  6.02415717e-01],
       [ -9.55250170e-01],
       [  1.87217535e+00],
       [ -6.83594972e-01],
       [ -8.66000977e-01],
       [  9.31370150e-01],
       [  2.35444553e+00],
       [  1.85025887e+00],
       [ -2.82656835e-01],
       [  1.21540399e+00],
       [  1.77407006e-01],
       [ -1.37025167e-02],
       [  1.39475119e-01],
       [ -7.14943881e-01],
       [  4.45849238e-01],
       [ -5.37020200e-01],
       [ -1.78813237e+00],
       [  1.23522633e+00],
       [  6.67722947e-01],
       [  1.32385677e+00],
       [  1.30782343e+00],
       [  8.62650757e-01],
       [ -1.54954271e+00],
       [  2.77576543e-01],
       [  1.16636759e-01],
       [ -2.59244282e+00],
       [  1.78480754e+00],
       [ -7.59942542e-01],
       [  3.39406816e-02],
       [ -2.29067665e+00],
       [ -7.86048761e-02],
       [ -3.49408228e-01],
       [ -9.88025270e-01],
       [ -1.14807926e-01],
       [  1.29661743e-01],
       [ -1.50768550e+00],
       [  4.04667456e-01],
       [  6.83219610e-01],
       [  2.28359014e+00],
       [ -1.59431549e+00],
       [ -1.38934632e+00],
       [  7.29420233e-01],
       [  3.33940754e-01],
       [  1.01555951e+00],
       [ -2.79224781e+00],
       [ -6.90573332e-01],
       [ -5.06382697e-01],
       [  2.02685435e+00],
       [  3.06007361e-01],
       [  1.31637341e-01],
       [  8.94359542e-01],
       [ -9.40498911e-01],
       [  2.00213624e+00],
       [  1.83857777e+00],
       [ -1.25198443e+00],
       [  1.44996010e-01],
       [ -2.06936891e+00],
       [  4.70041153e-01],
       [ -5.60369293e-01],
       [  1.72063245e+00],
       [  8.42748301e-01],
       [ -4.51872267e-01],
       [  1.16516304e+00],
       [ -3.05029667e-01],
       [  8.07158863e-01],
       [ -6.65414895e-01],
       [  5.34136440e-02],
       [  2.77024722e+00],
       [  2.75608901e-01],
       [ -2.06041486e+00],
       [ -2.49133372e+00],
       [ -1.13692399e+00],
       [  3.22232184e+00],
       [ -6.39668284e-01],
       [  5.26147418e-01],
       [  2.49338873e+00],
       [  1.07843169e+00],
       [ -1.69155729e+00],
       [  2.00264830e+00],
       [ -4.24461529e-01],
       [  8.04391821e-01],
       [ -3.56337362e-01],
       [  1.45100238e+00],
       [  1.02880761e+00],
       [  1.20447858e+00],
       [ -2.88524694e+00],
       [ -3.28235454e+00],
       [ -1.83337300e+00],
       [  1.53849394e-01],
       [ -1.32418342e+00],
       [  1.60083856e+00],
       [ -5.34639004e-01],
       [  5.32927956e-01],
       [ -1.61289820e+00],
       [ -1.19654620e+00],
       [ -6.80671008e-01],
       [ -1.24755136e+00],
       [ -9.16645089e-01],
       [ -1.35826763e+00],
       [  1.65904572e+00],
       [  7.32980956e-01],
       [ -1.01554762e+00],
       [  3.64283187e+00],
       [  7.38458812e-01],
       [ -3.07937687e-01],
       [ -1.32822960e+00],
       [  6.55175045e-01],
       [  8.30313581e-01],
       [ -2.20350312e+00],
       [ -4.68791650e-01],
       [  7.49987181e-01],
       [ -7.77918079e-01],
       [ -1.20139022e+00],
       [  2.40564186e+00],
       [  1.38651050e-01],
       [ -1.97497168e+00],
       [ -3.54378376e+00],
       [ -2.23632551e+00],
       [  1.36928897e+00],
       [ -7.48142749e-01],
       [ -2.50153806e+00],
       [  1.44377930e+00],
       [ -1.28843961e+00],
       [  3.31776031e-01],
       [ -2.44248757e+00],
       [  3.16364463e+00],
       [ -1.28429357e+00],
       [ -1.98457838e+00],
       [  8.60034726e-01],
       [  1.38289406e+00],
       [ -1.04952242e+00],
       [  1.45436382e+00],
       [ -3.35783805e+00],
       [  9.32218679e-01],
       [ -2.15475333e+00],
       [ -1.17283029e+00],
       [ -6.42891803e-01],
       [  2.88184095e+00],
       [ -1.92681874e+00],
       [ -1.43534218e+00],
       [ -1.54337343e+00],
       [ -1.19294227e+00],
       [ -1.75250611e+00],
       [ -2.83476134e-01],
       [ -2.00457817e+00],
       [ -2.58468151e+00],
       [  1.43697030e+00],
       [  2.25307281e+00],
       [ -1.35952923e+00],
       [  4.40700360e-02],
       [  1.96200684e+00],
       [  2.22539693e+00],
       [ -2.40418435e+00],
       [  2.01273329e+00],
       [ -1.87768502e+00],
       [  8.25845862e-01],
       [ -5.29802854e-01],
       [ -3.76482851e-01],
       [  1.39178375e+00],
       [  2.81586696e+00],
       [  1.21455054e+00],
       [ -1.42012859e+00],
       [ -1.94924775e+00],
       [  2.65402460e+00],
       [ -7.63858526e-01],
       [ -1.55465606e+00],
       [ -1.70460063e+00],
       [  1.19400134e+00],
       [ -2.59411433e+00],
       [  3.95777228e-01],
       [ -1.01371159e+00],
       [ -4.38968857e-01],
       [ -5.79202920e-02],
       [  2.84862270e+00],
       [  6.09733518e-01],
       [ -3.00085611e+00],
       [ -1.33173834e+00],
       [ -1.84878306e+00],
       [  3.33714457e-01],
       [  3.23422711e-01],
       [ -1.04603497e+00],
       [ -2.12942534e+00],
       [ -1.17360546e+00],
       [ -2.47920601e+00],
       [  2.06834860e+00],
       [ -7.48571606e-01],
       [  1.70195932e-01],
       [ -1.77165243e-01],
       [ -5.92759253e-01],
       [ -1.75637451e+00],
       [ -4.38433367e-01],
       [ -9.86753660e-01],
       [  1.32868823e+00],
       [ -1.59584129e+00],
       [  8.24027703e-01],
       [  1.52418565e+00],
       [  1.26055107e+00],
       [ -1.78830305e-02],
       [ -4.08546550e-01],
       [ -1.74796922e+00],
       [  2.75086356e-01],
       [ -2.33863795e+00],
       [  1.46653880e+00],
       [  6.82898212e-01],
       [  4.69777638e+00],
       [ -4.79407409e-01],
       [  4.28436027e+00],
       [  1.32348149e+00],
       [ -8.83717574e-01],
       [  1.07715726e+00],
       [ -9.23654070e-01],
       [  1.16838707e+00],
       [ -6.23901418e-01],
       [  1.44903628e-01],
       [ -2.41779327e+00],
       [  1.05158279e+00],
       [  2.69709641e+00],
       [  1.01378116e+00],
       [ -8.94330518e-01],
       [ -2.27765063e-01],
       [ -2.82565431e+00],
       [ -5.14909000e-01],
       [ -1.25424995e+00],
       [  6.36590840e-01],
       [ -1.35216864e+00],
       [  2.86705062e+00],
       [ -1.56850191e+00],
       [ -6.00633307e-01],
       [  1.72545223e+00],
       [ -5.83747407e-01],
       [ -6.12122859e-01],
       [ -3.55415846e-02],
       [ -1.09605374e+00],
       [  4.95029683e-01],
       [  1.54167153e+00],
       [ -1.85180655e-01],
       [ -2.14068461e+00],
       [ -7.51618389e-01],
       [ -1.37825286e+00],
       [  1.82593825e+00],
       [  1.35030802e-01],
       [ -1.14375491e+00],
       [  1.91231345e+00],
       [ -3.32079392e-01],
       [  2.75880783e+00],
       [  1.73606294e+00],
       [ -5.95785631e-01],
       [  1.95017184e+00],
       [ -1.11008158e+00],
       [  1.23632277e+00],
       [ -3.60766828e-01],
       [ -4.44846426e-01],
       [ -3.44040669e-01],
       [  2.62434307e+00],
       [  1.49259038e-01],
       [  4.30540520e+00],
       [ -3.59354820e-01],
       [ -1.17994756e+00],
       [  1.58514522e-01],
       [  1.34979418e+00],
       [  3.28275993e-02],
       [  1.41690486e-01],
       [  1.36743721e+00],
       [  1.72639957e+00],
       [ -2.58791210e+00],
       [  1.08199719e+00],
       [ -7.83686605e-01],
       [ -5.33626555e-01],
       [  1.98063886e+00],
       [ -3.10881959e-02],
       [ -2.97603421e+00],
       [  8.68607251e-01],
       [ -2.66502986e+00],
       [  9.69636808e-01],
       [ -4.75167193e-01],
       [ -1.78531835e+00],
       [ -8.75773206e-01],
       [  2.19240833e-01],
       [  1.93573308e+00],
       [ -1.92926711e+00],
       [  2.86655377e-01],
       [  1.39340770e+00],
       [  7.85858687e-02],
       [  8.87508662e-01],
       [  1.50391122e+00],
       [  3.41933324e+00],
       [ -6.47876513e-01],
       [ -3.40706553e-02],
       [  5.50634518e-01],
       [ -9.49459983e-01],
       [  1.02751732e+00],
       [  1.08390718e+00],
       [ -1.04066016e+00],
       [ -4.55904170e+00],
       [  5.79272892e-02],
       [  1.41951609e-01],
       [ -2.43893506e+00],
       [  3.60197296e+00],
       [  1.31742510e+00],
       [  4.28340508e-01],
       [ -3.08561286e+00],
       [  2.46992153e+00],
       [  2.64936217e+00],
       [  1.12761004e+00],
       [  1.57928084e+00],
       [  8.69648222e-01],
       [  7.50692028e-01],
       [  4.82694791e-01],
       [  2.33766221e+00],
       [ -3.89293391e-01],
       [  1.96015086e+00],
       [ -5.81306132e-01],
       [ -3.01055977e-01],
       [ -2.47706515e-02],
       [ -2.65187359e-01],
       [ -4.99332763e-01],
       [ -1.00022884e+00],
       [ -1.05308646e+00],
       [  1.13868563e+00],
       [  1.61432006e-01],
       [ -3.99962684e-01],
       [ -1.62537548e+00],
       [  1.37927981e-01],
       [  1.66873426e+00],
       [  1.23050465e+00],
       [  2.84970865e-01],
       [ -1.27568942e+00],
       [  1.51326381e+00],
       [  3.52515020e-01],
       [  8.04133962e-01],
       [ -1.16705303e+00],
       [ -9.34689630e-01],
       [  7.54288187e-01],
       [  3.02982666e-01],
       [ -7.14525227e-01],
       [  7.58966661e-02],
       [ -6.55021695e-01],
       [ -9.90043176e-01],
       [  5.43695472e-01],
       [ -1.13293205e+00],
       [  6.14457833e-01],
       [  2.51469696e+00],
       [ -1.15835152e+00],
       [  2.67338921e-01],
       [  3.33606619e-01],
       [  1.42010443e+00],
       [ -8.21715635e-01],
       [  6.75202694e-03],
       [ -1.44722461e+00],
       [  1.04558003e+00],
       [ -2.64822942e+00],
       [ -1.19794165e+00],
       [ -1.95888337e+00],
       [ -1.68949288e+00],
       [  4.33467640e-01],
       [  2.30113124e-01],
       [ -4.49966650e+00],
       [  9.45258919e-01],
       [  3.17064373e+00],
       [ -6.25280896e-01],
       [ -6.49072313e-01],
       [  9.89360695e-01],
       [ -2.01616077e+00],
       [ -1.68396096e+00],
       [ -1.56729235e+00],
       [ -1.10155866e-01],
       [  9.75497053e-01],
       [ -9.36315470e-02],
       [  2.49919649e-01],
       [ -7.72464848e-01],
       [ -8.82603455e-03],
       [  3.62407657e-01],
       [  6.32623812e-01],
       [  1.97947194e+00],
       [ -2.34632521e-01],
       [ -2.84865460e-03],
       [ -1.00552470e+00],
       [ -1.08534518e+00],
       [  1.20174877e+00],
       [  2.84648419e+00],
       [  1.79857647e+00],
       [ -8.11073797e-01],
       [  2.68691864e+00],
       [ -5.80017362e-01],
       [  2.00831670e-04],
       [  8.30145608e-02],
       [ -4.10177871e-01],
       [ -2.46611272e+00],
       [ -2.56241105e+00],
       [ -9.08517624e-01],
       [  2.91332038e+00],
       [  1.89179730e-02],
       [  8.01402946e-01],
       [  3.47430651e-01],
       [  1.12698181e+00],
       [  6.69603540e-01],
       [  1.67205853e+00],
       [  1.34026520e+00],
       [  9.18278188e-01],
       [ -8.22069918e-01],
       [  1.09864697e+00],
       [  1.19136451e+00],
       [  4.89801007e-01],
       [ -2.36894930e+00],
       [  8.25099656e-01],
       [  3.89072954e-01],
       [ -1.98876583e+00],
       [ -5.50780804e-01],
       [  1.13663039e+00],
       [  1.78850264e+00],
       [  7.86558668e-01],
       [  1.71736666e+00],
       [ -2.52245481e+00],
       [ -1.58898247e+00],
       [ -9.90517357e-01],
       [ -2.85596366e+00],
       [ -2.24837486e+00],
       [ -4.16274572e-02],
       [  1.72554283e-01],
       [ -9.34257420e-01],
       [ -2.72801331e-01],
       [ -2.23308868e+00],
       [  3.27004421e-02],
       [  2.00983963e+00],
       [ -9.80846626e-01],
       [ -9.57492046e-02],
       [  1.44935219e+00],
       [  1.43681091e+00],
       [  5.05118714e-01],
       [ -5.48685439e-01],
       [  1.25332209e-02],
       [  1.24069745e+00],
       [  2.23978056e+00],
       [  1.59772391e-01],
       [  2.87706548e-02],
       [  1.44197474e+00],
       [ -1.45884866e-02],
       [ -1.00462513e+00],
       [  6.03283602e-01],
       [  2.90913811e+00],
       [  1.10128514e+00],
       [ -2.00371281e-01],
       [ -2.11592219e-01],
       [  1.43953908e+00],
       [ -3.94487327e-03],
       [  3.46128409e-01],
       [  2.57772270e+00],
       [  8.26685295e-02],
       [  1.34157386e-01],
       [  2.89939666e-01],
       [ -1.42272469e+00],
       [  2.24801128e+00],
       [ -1.23066367e+00],
       [ -9.92751947e-01],
       [  2.45681636e-01],
       [ -3.35452417e+00],
       [ -8.35217385e-01],
       [  3.08996025e-03],
       [ -2.13310262e+00],
       [  1.08033760e-01],
       [  3.96041650e-01],
       [  1.08476601e-01],
       [  1.54425734e+00],
       [ -1.59796530e+00],
       [ -3.05979766e-01],
       [ -8.78798309e-01],
       [ -2.34705251e-01],
       [  7.80276997e-01],
       [  1.33234746e-01],
       [  2.51368204e+00],
       [  1.40950528e+00],
       [  2.77691395e+00],
       [ -1.93137187e+00],
       [ -4.41992885e-01],
       [  2.62968760e+00],
       [  1.50835871e+00],
       [ -1.82799166e+00],
       [  3.12340488e-01],
       [ -1.17941360e-01],
       [ -3.25462186e+00],
       [  7.55001537e-01],
       [  1.92076999e-01],
       [ -2.28167403e-01],
       [ -7.89413942e-01],
       [  1.21129015e+00],
       [  4.45460610e-01],
       [ -3.17484872e-02],
       [ -4.25598452e-01],
       [ -2.69288927e-01],
       [ -1.05233099e+00],
       [ -8.90573108e-01],
       [ -2.43361389e+00],
       [ -3.62808192e+00],
       [ -1.05892764e+00],
       [ -1.87910712e-01],
       [  3.58071267e-01],
       [  8.56344645e-02],
       [  3.60063234e-01],
       [ -1.42465655e+00],
       [ -1.56412223e-01],
       [  3.46618143e-01],
       [ -1.05264369e+00],
       [  1.07908069e+00],
       [  7.25971104e-01],
       [  7.83046332e-01],
       [  3.13614715e-01],
       [ -1.31783277e+00],
       [ -9.36342076e-01],
       [  8.53641084e-01],
       [ -2.62152955e+00],
       [  3.29573826e+00],
       [  6.35613969e-01],
       [ -1.01983542e+00],
       [  2.20069718e+00],
       [  1.78406964e+00],
       [ -1.24121283e+00],
       [ -4.53467863e-01],
       [ -6.23566473e-01],
       [  1.39030498e+00],
       [ -9.37008289e-01],
       [  9.41578791e-01],
       [ -1.77939933e-02],
       [  2.20402550e+00],
       [  2.29798081e-01],
       [ -4.33712742e-01],
       [ -1.03875717e+00],
       [ -8.01086478e-01],
       [  2.32911928e+00],
       [  2.87856039e+00],
       [  2.46816876e+00],
       [  1.22434408e-01],
       [  7.88853835e-01],
       [ -5.80105892e-01],
       [ -1.68626654e-01],
       [  2.00419118e+00],
       [ -2.91571568e+00],
       [ -2.40561365e+00],
       [  1.72921346e-01],
       [  3.11697042e+00],
       [  1.75875823e+00],
       [ -1.28713514e+00],
       [  1.90474905e-01],
       [  1.02264592e+00],
       [ -3.15129943e+00],
       [  3.03317077e-01],
       [  1.59100979e-01],
       [  3.02220466e-01],
       [ -1.75166940e+00],
       [ -1.42405193e+00],
       [  1.22291029e+00],
       [ -3.20595141e+00],
       [ -9.75643171e-01],
       [  5.97939836e-01],
       [  1.27271690e+00],
       [ -1.13927992e+00],
       [  1.70504166e+00],
       [  1.28541576e+00],
       [ -3.21119929e+00],
       [  1.62159447e+00],
       [ -5.27433846e-02],
       [  2.06890059e+00],
       [  7.79275158e-01],
       [  4.73427244e-01],
       [ -1.60600903e+00],
       [  3.69398844e-01],
       [  1.29466187e+00],
       [  3.70205540e+00],
       [  1.05942938e+00],
       [  2.03028064e-01],
       [ -3.28177788e+00],
       [ -1.98892265e+00],
       [  8.50893164e-01],
       [  8.92119798e-02],
       [  1.82650943e+00],
       [  3.62169926e-02],
       [ -5.25623774e-01],
       [  3.15200960e+00],
       [  9.60174620e-01],
       [  5.16732016e-01],
       [ -3.49758557e-01],
       [  3.79045874e+00],
       [  1.18990984e+00],
       [  8.63523217e-01],
       [ -2.67175522e+00],
       [ -1.82129751e+00],
       [  1.15623110e+00],
       [  7.22989081e-02],
       [ -2.36675951e-02],
       [  9.32166409e-01],
       [  2.21946881e+00],
       [ -5.15667821e-01],
       [ -1.57376500e+00],
       [  2.18505970e+00],
       [  4.24767276e-01],
       [  2.54535692e+00],
       [ -2.36412318e-01],
       [  1.77517168e+00],
       [ -9.57793997e-01],
       [  1.11931080e+00],
       [  2.08152588e+00],
       [ -1.38734996e-01],
       [  7.52620179e-01],
       [  2.76945952e+00],
       [ -1.55968844e+00],
       [  1.47655118e+00],
       [ -1.29322364e+00],
       [ -1.27381449e+00],
       [ -3.86645659e-01],
       [  1.57113958e+00],
       [  2.14606464e+00],
       [  1.37418961e+00],
       [  2.74173872e+00],
       [ -2.22714387e-01],
       [  7.94159182e-01],
       [  3.57882122e+00],
       [ -9.84459310e-01],
       [  5.30657970e+00],
       [ -2.04456083e+00],
       [  7.23052714e-01],
       [  3.05187056e+00],
       [  5.79738186e-01],
       [ -3.52955538e-01],
       [  1.84031414e-01],
       [  2.75311789e-01],
       [ -4.45040063e-01],
       [  5.80587825e-01],
       [ -7.01167748e-01],
       [ -1.46302269e+00],
       [  5.98823668e-01],
       [  2.33980395e+00],
       [  2.08674051e+00],
       [ -9.86909010e-01],
       [ -7.94783141e-02],
       [ -7.93371527e-01],
       [  1.58118413e+00],
       [ -2.68014384e+00],
       [ -1.22349940e+00],
       [  3.40789140e-01],
       [ -1.14763560e+00],
       [  9.56044573e-02],
       [ -2.05908984e+00],
       [  1.71205768e+00],
       [  1.35155735e-01],
       [ -1.71652582e+00],
       [ -9.47169968e-01],
       [  3.42169912e+00],
       [  6.01249007e-01],
       [  8.34054110e-01],
       [  1.11373952e+00],
       [  1.48242577e-01],
       [ -4.83469426e-01],
       [ -2.45455707e+00],
       [  1.18036420e+00],
       [  1.96340773e+00],
       [  8.50372647e-01],
       [  5.32976659e-01],
       [ -1.49960342e-01],
       [  3.74540864e+00],
       [  3.31703369e+00],
       [ -1.41407807e+00],
       [  6.04795741e-01],
       [ -2.68553647e-01],
       [ -1.14534309e+00],
       [ -2.82631681e+00],
       [  3.73082989e-01],
       [  1.69009256e+00],
       [  4.14370543e-01],
       [  2.44941890e+00],
       [  1.37999309e+00],
       [  1.58733615e+00],
       [  8.02039685e-01],
       [  2.70630566e-01],
       [ -6.20225434e+00],
       [  3.80653448e-01],
       [ -1.77853886e+00],
       [  1.07831996e+00],
       [  2.35574462e+00],
       [ -1.63135483e+00],
       [  3.82150037e-01],
       [ -1.64915647e+00],
       [ -1.94116025e-01],
       [ -2.19829894e+00],
       [  5.06411226e-01],
       [ -7.17770716e-02],
       [  1.57459292e+00],
       [ -3.85696340e+00],
       [  8.72658947e-01],
       [ -3.80958446e-01],
       [  3.19813522e-01],
       [ -1.58873489e+00],
       [  1.18940008e+00]]))
('Residual Norm error is: ', array([  6.98713015e-11]))
('Time for solution is ', 0.319788, 's')
Maximum number of iterations: 1